LEATHER0    10  0   0   0   8   0   0   0   0  15  10  10   5  0   0    0   0   0   0   0  10
LEATHER1     9  0   0   0   6   0   0   0   0  15  10  10   7  0   0    0   0   0   0   0  10
LEATHER2     8  0   0   0   4   0   0   0   0  15  10  12   7  0   0    0   0   0   0   0  10
LEATHER3     7  0   0   0   2   0   0   0   0  17  10  12   7  0   0    0   0   0   0   0  10
LEATHER4     6  0   0   0   0   0   0   0   0  17  12  12   7  0   0    0   0   0   0   0  10
LEATHER5     5  0   0   0  -2   0   0   0   0  17  12  12   9  0   0    0   0   0   0   0  10
LEATHER6     4  0   0   0  -4   0   0   0   0  17  12  14   9  0   0    0   0   0   0   0  10
LEATHER7     3  0   0   0  -6   0   0   0   0  19  12  14   9  0   0    0   0   0   0   0  10
LEATHER8     2  0   0   0  -8   0   0   0   0  19  14  14   9  0   0    0   0   0   0   0  10
STUDDED0    25  2  10   2   8   0   0   0   0  15   5  10  10  0   0   20  20  10  10  30  15
STUDDED1    22  2  10   0   6   0   0   0   0  15   7  10  10  0   0   15  15   5   5  25  14
STUDDED2    20  1  10   0   4   0   0   0   0  17   7  10  10  0   0   10  10   0   0  20  13
STUDDED3    18  1   0   0   2   0   0   0   0  17   7  12  10  0   0    5   5   0   0  15  12
STUDDED4    15  0   0   0   0   0   0   0   0  17   7  12  12  0   0    0   0   0   0  10  11
STUDDED5    12  0   0   0  -2   0   0   0   0  17   9  12  12  0   0    0   0   0   0   5  10
STUDDED6    10  0   0   0  -4   0   0   0   0  19   9  12  12  0   0    0   0   0   0   0  10
HIDE0       30  2  10   5   7   0   0   0   0  15  10  15  15  5   5   20  30  50  50  60  20
HIDE1       28  2  10   3   5   0   0   0   0  15  12  15  15  5   5   15  25  45  45  55  19
HIDE2       25  2  10   1   3   0   0   0   0  15  12  17  15  6   6   10  20  40  40  50  18
HIDE3       22  1  10   0   1   0   0   0   0  17  12  17  15  6   6    5  15  35  35  45  17
HIDE4       20  1  10   0  -1   0   0   0   0  17  12  17  17  7   7    0  10  30  30  40  16
HIDE5       18  1  10   0  -3   0   0   0   0  17  14  17  17  7   7    0   5  25  25  35  15
HIDE6       15  0   0   0  -5   0   0   0   0  17  14  19  17  8   8    0   0  20  20  30  14
SCALE0      40  2  20   4   7   0   0   0   0  20   5  15  10  0   0   50  60  20  20  50  25
CHAIN0      40  3  20   4   7   0   0   0   0  35   0  15  15  0   0   30  40  15  15  40  30
ELVENC0     20  1  10   2   7   0   0   0   0  35  10  15  15  0   0   10  10   5   5  20   0
ELVENC1     18  1   0   0   5   0   0   0   0  35  12  15  15  0   0    5   5   0   0  15   0
ELVENC2     16  0   0   0   3   0   0   0   0  37  12  15  15  0   0    0   0   0   0  10   0
ELVENC3     14  0   0   0   1   0   0   0   0  37  12  17  15  0   0    0   0   0   0   5   0
ELVENC4     12  0   0   0  -1   0   0   0   0  37  12  17  17  0   0    0   0   0   0   0   0
ELVENC5     10  0   0   0  -3   0   0   0   0  37  14  17  17  0   0    0   0   0   0   0   0
ELVENC6      8  0   0   0  -5   0   0   0   0  39  14  17  17  0   0    0   0   0   0   0   0
ADAMC0      40  3  20   4   7   0   0   0   0  40  15  20  20  0   0   25  35  15  15  35   0
BANDED0     35  3  10   6   7   0   0   0   0  40  15  20  15  0   0   40  60  20  20  50  35
SPLINT0     40  4  20   7   7   0   0   0   0  35  20  25  20  0   0   40  40  15  25  40  40
PLATE0      50  5  20   7   7   0   0   0   0  50  25  40  30  0   0   75  80  40  40  75  40
PLATE1      45  4  20   6   7   0   0   0   0  52  27  42  32  0   0   75  75  40  40  75  39
PLATE2      45  4  20   5   6   0   0   0   0  54  29  44  34  0   0   70  75  40  40  75  38
PLATE3      40  3  20   4   6   0   0   0   0  56  31  46  36  0   0   70  75  40  40  70  37
PLATE4      40  3  20   3   5   0   0   0   0  58  33  48  38  0   0   70  70  40  40  70  36
PLATE5      35  2  10   2   5   0   0   0   0  60  35  50  40  0   0   65  70  40  40  70  35
PLATE6      35  2  10   1   4   0   0   0   0  62  37  52  42  0   0   65  70  40  40  65  34
FIELDP0     60  5  30   8   6   0   0   0   0  50  30  45  40  0   0   95  95  80  80  95  40
MFIELDP0    30  4  10   5   6   0   0   0   0  50  30  45  40  0   0   95  95  80  80  95  40
FULLP0      70  6  30   8   6   0   0   0   0  55  35  50  45  0   0   95  95  80  80  95  35
NOTARMOR0    0  0   0   0  10   0   0   0   0   0   0   0   0  0   0    0   0   0   0   0   0
NOTARMOR1    0  0   0   0  10   0   0   0   0   0   0   0   0  0   0    0   0   0   0   0   0
NOTARMOR2    0  0   0   0  10   0   0   0   0   0   0   0   0  0   0    0   0   0   0   0   0
NOTARMOR3    0  0   0   0  10   0   0   0   0   0   0   0   0  0   0    0   0   0   0   0   0
NOTARMOR4    0  0   0   0  10   0   0   0   0   0   0   0   0  0   0    0   0   0   0   0   0
NOTARMOR5    0  0   0   0  10   0   0   0   0   0   0   0   0  0   0    0   0   0   0   0   0
BELT02       0  0   0   0   0   2   0   0   0  10   0   0   0  0   0    0   0   0   0   0   0
BELT03       0  0   0   0   0   0   3   0   0   0  15   0   0  0   0    0   0   0   0   0   0
BELT04       0  0   0   0   0   0   0   2   2   0   0  10  10  0   0    0   0   0   0   0   0
C2BELT01     0  0   0   0   0   2   2   2   2  10  10  10  10  0   0    0   0   0   0   0   0
R!KITPLT     0 -2   0   0   0   0   0   0   0   0   0   0   0  0   0   -5  -5   0   0   0   0
